Trip-1: 101.0
Trip-2: 100.0
Trip-3: 10363.156737911171
Trip-4: 340.3576514303424
Trip-5: 423.43270543552035
Trip-6: 6594.0
Trip-7: 42.847793504334305
Trip-8: Infinity
Trip-9: 12115.231104651162
Trip-10: 6.625393527520141
Trip-11: 1.0522882006924057
Trip-12: 1189.8330504908195
Trip-13: 1342.7630322426328
Trip-14: 124.24192978118414
Trip-15: 401.87016959139703
Trip-16: Infinity
Trip-17: 990.7450225275298
Trip-18: 674.3231965848017
Trip-19: 127.33778362949437
Trip-20: 916.3032485128323
Trip-21: 1855.0514490438097
Trip-22: 1074.808484619361
Trip-23: 2.00000020000002
Trip-24: 994.344923636488
Trip-25: 1.0526204987315924
Trip-26: 68.97521185238003
Trip-27: 134.82418845343793
Trip-28: 1.0521553402144292
Trip-29: 156.6727901554298
Trip-30: 5458.432065852363
Trip-31: 2.02499999382375
Trip-32: 91.09174445629823
Trip-33: 4016.927865348651
Trip-34: 1.0E9
Trip-35: 541.7809339536614
Trip-36: 1588.2675747244382
Trip-37: 320.457446584605
Trip-38: 398.9890664650314
Trip-39: 40.18919137145167
Trip-40: 53.365037011234
Trip-41: 1.0521608753978484
Trip-42: 404.99903790492885
Trip-43: 831.2421031863835
Trip-44: 1910.7982897745333
Trip-45: 6080.051164941898
Trip-46: 1874.6615283672334
Trip-47: 656.4220531276225
Trip-48: 413.1544100379021
Trip-49: 880.4276243832273
Trip-50: 7172.4821641980225
Trip-51: 5534.349950414648
Trip-52: 1.05251524831466
Trip-53: 23.96969998560975
Trip-54: 200.0020000200002
Trip-55: 35.736745693043176
Trip-56: 10.0
Trip-57: 1.0524654001999685
Trip-58: 579.0959853972031
Trip-59: 1713.9024840895092
Trip-60: 2541.4962937605233
Trip-61: 90.23054122660417
Trip-62: 473.9740281053182
Trip-63: 469.2140928419735
Trip-64: 320.45104083128297
Trip-65: 542.2815610564392
Trip-66: 1.0526149587111782
Trip-67: Infinity
Trip-68: 1.0511875791675644
Trip-69: 106.92280318401748
Trip-70: 29.205848477461526
Trip-71: 2.0
Trip-72: 320.0352156600134
Trip-73: 407.85412876059206
Trip-74: 379.5510186875676
Trip-75: 561.5484653064019
Trip-76: 68.37104416643857
Trip-77: 951.8768205810514
Trip-78: 1.0E9
Trip-79: 1.0517237752676638
Trip-80: 1442.5366377311675
Trip-81: 144.5867141535091
Trip-82: 1.0511875791675644
Trip-83: 1.0525041705477758
Trip-84: 1069.800480496737
Trip-85: 1405.7829785225738
Trip-86: 1116.8707105719238
Trip-87: 40.26294035531647
Trip-88: 350.4202669744686
Trip-89: 5049.669044019867
Trip-90: 623.6430143887375
Trip-91: 1211.8278299172514
Trip-92: 10000.10000100001
Trip-93: 1377.634413769902
Trip-94: 100000.0
Trip-95: 944.7217620433651
Trip-96: 464.0718191840795
Trip-97: 19.66608743519517
Trip-98: 1.0E9
Trip-99: 1.000000001
Trip-100: 172.47796810311033
