Trip-1: 101
Trip-2: 100
Trip-3: 10363.1
Trip-4: 340.358
Trip-5: 423.433
Trip-6: 5108.37
Trip-7: 42.8478
Trip-8: 20000
Trip-9: 12114.9
Trip-10: 6.62539
Trip-11: 1.05229
Trip-12: 1189.83
Trip-13: 1342.76
Trip-14: 124.242
Trip-15: 401.87
Trip-16: 1e+013
Trip-17: 990.744
Trip-18: 674.322
Trip-19: 127.338
Trip-20: 916.302
Trip-21: 1855.05
Trip-22: 1074.81
Trip-23: 2
Trip-24: 994.345
Trip-25: 1.05262
Trip-26: 68.9752
Trip-27: 134.824
Trip-28: 1.05216
Trip-29: 156.673
Trip-30: 5458.38
Trip-31: 2.025
Trip-32: 91.0918
Trip-33: 4016.82
Trip-34: 6.66667e+008
Trip-35: 541.781
Trip-36: 1588.27
Trip-37: 320.457
Trip-38: 398.989
Trip-39: 40.1892
Trip-40: 53.365
Trip-41: 1.05216
Trip-42: 404.999
Trip-43: 831.242
Trip-44: 1910.8
Trip-45: 6080.04
Trip-46: 1874.66
Trip-47: 656.421
Trip-48: 413.154
Trip-49: 880.427
Trip-50: 7172.44
Trip-51: 5534.32
Trip-52: 1.05252
Trip-53: 23.9697
Trip-54: 200.002
Trip-55: 35.7367
Trip-56: 10
Trip-57: 1.05247
Trip-58: 579.095
Trip-59: 1713.9
Trip-60: 2541.49
Trip-61: 90.2305
Trip-62: 473.974
Trip-63: 469.214
Trip-64: 320.451
Trip-65: 542.281
Trip-66: 1.05261
Trip-67: 1.01e+009
Trip-68: 1.05119
Trip-69: 106.923
Trip-70: 29.2058
Trip-71: 2
Trip-72: 320.035
Trip-73: 407.854
Trip-74: 379.55
Trip-75: 561.548
Trip-76: 68.371
Trip-77: 951.877
Trip-78: 1e+009
Trip-79: 1.05172
Trip-80: 1442.54
Trip-81: 144.587
Trip-82: 1.05119
Trip-83: 1.0525
Trip-84: 1069.8
Trip-85: 1405.78
Trip-86: 1116.8
Trip-87: 40.2629
Trip-88: 350.42
Trip-89: 5049.64
Trip-90: 623.639
Trip-91: 1211.83
Trip-92: 10000
Trip-93: 1377.63
Trip-94: 100000
Trip-95: 944.72
Trip-96: 464.071
Trip-97: 19.6661
Trip-98: 1e+009
Trip-99: 1
Trip-100: 172.478
