Trip-1: 101.0
Trip-2: 60.0
Trip-3: 4506.778184012494
Trip-4: 109.87215702371894
Trip-5: 85.56243130501115
Trip-6: 6594.0
Trip-7: 36.14577126935393
Trip-8: Infinity
Trip-9: 12115.231104651162
Trip-10: 1.810326578471982
Trip-11: 0.04529468609536932
Trip-12: 465.76460650315954
Trip-13: 113.13697103498102
Trip-14: 41.600814509957864
Trip-15: 274.7646435257518
Trip-16: Infinity
Trip-17: 238.9134007615969
Trip-18: 508.57695862392393
Trip-19: 94.83564516972892
Trip-20: 365.89498751767076
Trip-21: 1584.0191854563282
Trip-22: 256.8735150534512
Trip-23: -10.236549146271289
Trip-24: 161.5790304797058
Trip-25: 0.004733077054565445
Trip-26: 66.26494810994978
Trip-27: 66.51720124195059
Trip-28: 0.04625232446838157
Trip-29: 36.43634511351892
Trip-30: 1236.9308691539522
Trip-31: -6.688650745573197
Trip-32: 68.82958755824718
Trip-33: 872.0638009410638
Trip-34: 1.0E7
Trip-35: 61.582657612224025
Trip-36: 942.0819015532139
Trip-37: 108.82475807345043
Trip-38: 65.71785102474509
Trip-39: 23.126248619392555
Trip-40: 21.753963183797346
Trip-41: 0.04562592264170442
Trip-42: 137.20169384661818
Trip-43: 116.93513843564774
Trip-44: 1304.4353389142425
Trip-45: 3869.3370003127357
Trip-46: 228.1073377945687
Trip-47: 173.11598754487022
Trip-48: 263.91508399054425
Trip-49: 251.52459148159758
Trip-50: 2689.157354478676
Trip-51: 1509.5792163242904
Trip-52: 0.04831810708983665
Trip-53: 12.407937961078126
Trip-54: 7.5385609454055
Trip-55: 17.27606292079104
Trip-56: 1.3244459408211278
Trip-57: 0.04362068239759336
Trip-58: 353.9592500904504
Trip-59: 550.2211146147208
Trip-60: 352.06064779239983
Trip-61: 22.378566359119944
Trip-62: 186.16566813723415
Trip-63: 47.5368679876068
Trip-64: 223.56615381102029
Trip-65: 179.7405908370191
Trip-66: 0.04609926462453071
Trip-67: Infinity
Trip-68: 0.04795632904851526
Trip-69: 31.137870887444887
Trip-70: 25.39080473975662
Trip-71: 2.0
Trip-72: 178.95406896355374
Trip-73: 71.6848693536471
Trip-74: 83.03472889595005
Trip-75: 482.1174558018688
Trip-76: 24.77662222975679
Trip-77: 241.50689765713494
Trip-78: 1.0E7
Trip-79: 0.04387688234567568
Trip-80: 380.5778348257255
Trip-81: 65.0159493187592
Trip-82: 0.04332335163311706
Trip-83: 0.051865847946968205
Trip-84: 216.2825285756446
Trip-85: 1205.9049696675263
Trip-86: 485.52279062758987
Trip-87: 18.914636526591842
Trip-88: 117.67477317047562
Trip-89: 1825.3475549255847
Trip-90: 549.5459885796295
Trip-91: 232.6915813460331
Trip-92: 10000.10000100001
Trip-93: 204.13515086281444
Trip-94: 1980.1980198019803
Trip-95: 456.5123983072376
Trip-96: 94.49337785712603
Trip-97: 3.0319781913628883
Trip-98: 1.0E9
Trip-99: 1.000000001
Trip-100: 33.93084092706919
