Trip-1: 101.000000
Trip-2: 100.000000
Trip-3: 10363.062620
Trip-4: 340.357587
Trip-5: 423.432689
Trip-6: 5108.369159
Trip-7: 42.847788
Trip-8: 20000.000000
Trip-9: 12114.860440
Trip-10: 6.625393
Trip-11: 1.052288
Trip-12: 1189.830967
Trip-13: 1342.762717
Trip-14: 124.241915
Trip-15: 401.870048
Trip-16: 10000000000000.000000
Trip-17: 990.743970
Trip-18: 674.322478
Trip-19: 127.337775
Trip-20: 916.301531
Trip-21: 1855.048551
Trip-22: 1074.805470
Trip-23: 2.000000
Trip-24: 994.344691
Trip-25: 1.052620
Trip-26: 68.975208
Trip-27: 134.824185
Trip-28: 1.052155
Trip-29: 156.672503
Trip-30: 5458.380941
Trip-31: 2.025000
Trip-32: 91.091789
Trip-33: 4016.822169
Trip-34: 666666666.666667
Trip-35: 541.780773
Trip-36: 1588.265169
Trip-37: 320.457331
Trip-38: 398.989033
Trip-39: 40.189190
Trip-40: 53.365036
Trip-41: 1.052161
Trip-42: 404.998877
Trip-43: 831.242037
Trip-44: 1910.798043
Trip-45: 6080.037018
Trip-46: 1874.660475
Trip-47: 656.421474
Trip-48: 413.154264
Trip-49: 880.427176
Trip-50: 7172.435888
Trip-51: 5534.320600
Trip-52: 1.052515
Trip-53: 23.969699
Trip-54: 200.002000
Trip-55: 35.736746
Trip-56: 10.000000
Trip-57: 1.052465
Trip-58: 579.095490
Trip-59: 1713.897722
Trip-60: 2541.492007
Trip-61: 90.230542
Trip-62: 473.973748
Trip-63: 469.213868
Trip-64: 320.450826
Trip-65: 542.281496
Trip-66: 1.052615
Trip-67: 1010000000.000000
Trip-68: 1.051188
Trip-69: 106.922749
Trip-70: 29.205848
Trip-71: 2.000000
Trip-72: 320.035064
Trip-73: 407.854069
Trip-74: 379.550386
Trip-75: 561.548395
Trip-76: 68.371043
Trip-77: 951.876744
Trip-78: 1000000000.000000
Trip-79: 1.051724
Trip-80: 1442.535477
Trip-81: 144.586712
Trip-82: 1.051188
Trip-83: 1.052504
Trip-84: 1069.799892
Trip-85: 1405.778741
Trip-86: 1116.804258
Trip-87: 40.262939
Trip-88: 350.420280
Trip-89: 5049.644324
Trip-90: 623.639414
Trip-91: 1211.825536
Trip-92: 10000.000010
Trip-93: 1377.633595
Trip-94: 100000.000000
Trip-95: 944.720044
Trip-96: 464.071000
Trip-97: 19.666086
Trip-98: 1000000000.000000
Trip-99: 1.000000
Trip-100: 172.477949
