Trip-1: 101.000000
Trip-2: 100.000000
Trip-3: 10363.156738
Trip-4: 340.357651
Trip-5: 423.432705
Trip-6: 6594.000000
Trip-7: 42.847794
Trip-8: 2.000000
Trip-9: 12115.231105
Trip-10: 6.625394
Trip-11: 1.052288
Trip-12: 1189.833050
Trip-13: 1342.763032
Trip-14: 124.241930
Trip-15: 401.870170
Trip-16: 1000000000.000000
Trip-17: 990.745023
Trip-18: 674.323197
Trip-19: 127.337784
Trip-20: 916.303249
Trip-21: 1855.051449
Trip-22: 1074.808485
Trip-23: 2.000000
Trip-24: 994.344924
Trip-25: 1.052620
Trip-26: 68.975212
Trip-27: 134.824188
Trip-28: 1.052155
Trip-29: 156.672790
Trip-30: 5458.432066
Trip-31: 2.025000
Trip-32: 91.091744
Trip-33: 4016.927865
Trip-34: 1000000000.000000
Trip-35: 541.780934
Trip-36: 1588.267575
Trip-37: 320.457447
Trip-38: 398.989066
Trip-39: 40.189191
Trip-40: 53.365037
Trip-41: 1.052161
Trip-42: 404.999038
Trip-43: 831.242103
Trip-44: 1910.798290
Trip-45: 6080.051165
Trip-46: 1874.661528
Trip-47: 656.422053
Trip-48: 413.154410
Trip-49: 880.427624
Trip-50: 7172.482164
Trip-51: 5534.349950
Trip-52: 1.052515
Trip-53: 23.969700
Trip-54: 200.002000
Trip-55: 35.736746
Trip-56: 10.000000
Trip-57: 1.052465
Trip-58: 579.095985
Trip-59: 1713.902484
Trip-60: 2541.496294
Trip-61: 90.230541
Trip-62: 473.974028
Trip-63: 469.214093
Trip-64: 320.451041
Trip-65: 542.281561
Trip-66: 1.052615
Trip-67: 1000000000.000000
Trip-68: 1.051188
Trip-69: 106.922803
Trip-70: 29.205848
Trip-71: 2.000000
Trip-72: 320.035216
Trip-73: 407.854129
Trip-74: 379.551019
Trip-75: 561.548465
Trip-76: 68.371044
Trip-77: 951.876821
Trip-78: 1000000000.000000
Trip-79: 1.051724
Trip-80: 1442.536638
Trip-81: 144.586714
Trip-82: 1.051188
Trip-83: 1.052504
Trip-84: 1069.800480
Trip-85: 1405.782979
Trip-86: 1116.870711
Trip-87: 40.262940
Trip-88: 350.420267
Trip-89: 5049.669044
Trip-90: 623.643014
Trip-91: 1211.827830
Trip-92: 10000.100001
Trip-93: 1377.634414
Trip-94: 100000.000000
Trip-95: 944.721762
Trip-96: 464.071819
Trip-97: 19.666087
Trip-98: 1000000000.000000
Trip-99: 1.000000
Trip-100: 172.477968
